4210688 60 2
866970 100 1
3371730 80 2
3257236 60 1
279831 80 5
3644580 20 0
3749888 40 1
3913728 80 2
1253164 40 1
4182517 40 1
1455456 80 0
3210762 60 1
2937103 40 0
1209278 80 1
3484943 40 1
731008 60 2
1555640 60 0
3157263 80 1
7130975 20 0
467401 60 1
1943006 60 0
2107675 80 1
848162 60 3
3959415 60 0
3358335 60 0
1759085 60 0
2113536 60 2
973341 60 1
4099761 40 1
135240 40 1
3460322 40 0
1037497 40 0
3655503 60 0
1553259 80 0
913657 80 1
2644550 60 2
1520118 20 0
902428 60 3
1192560 60 2
1181193 80 2
1565213 60 1
776273 60 0
1447921 80 0
2674179 80 0
1196726 60 0
2491263 60 2
4175067 60 1
3297724 80 1
4653148 60 1
8358239 100 0
4845289 60 2
4259959 80 1
6516927 60 2
7146791 80 0
5668481 80 1
6162920 60 1
7205905 80 0
7062553 80 0
3817472 40 2
6357883 60 0
4650656 60 0
1800192 60 3
5406912 60 1
4153801 80 2
6076513 60 2
4494633 100 5
6033570 80 0
4212207 60 2
2983089 60 1
3278378 40 0
4768813 100 6
6108686 80 2
4764735 80 2
6538872 80 1
7646775 80 0
5038603 60 1
4739072 60 1
4273277 80 2
6048134 60 3
4672459 60 1
5617045 60 2
5207863 80 1
5238586 60 1
6075755 60 1
2928521 40 1
3139698 60 1
4407573 60 1
5364293 80 2
3846469 60 3
5872846 60 3
4366406 60 1
9844736 60 0
6436884 60 0
4824199 40 0
5747786 80 1
2527464 60 1
3354422 40 0
3436445 40 1
4104756 20 0
4025354 20 0
3079076 60 1
8070793 80 2
3359786 80 1
4601907 80 1
4145152 40 1
3377152 20 2
4984832 60 2
2715190 40 5
5305701 80 1
5150159 60 1
3602452 40 1
4523261 40 0
3622136 60 2
3254332 40 0
4285014 80 1
3673966 60 0
3334995 40 1
3909688 60 3
2960934 60 1
3126436 60 1
3409812 60 0
3766358 60 2
5548633 80 2
5350186 80 0
7184913 80 1
5003802 80 2
4512695 100 1
6626322 100 3
5361892 80 3
1748946 80 3
4160157 100 5
4958028 100 3
5399707 80 2
5251746 60 2
4023708 100 3
5028557 80 1
6319134 80 1
4490454 80 3
4973092 60 1
4923365 60 1
6169402 60 1
5971920 60 1
7010958 80 1
4941254 80 1
4534865 80 3
4103664 60 0
3685779 80 1
6112869 100 1
4353992 80 2
4943940 80 2
6144735 60 2
4321995 60 2
5548714 40 2
4831607 40 2
5623112 40 2
4209575 60 2
6177949 60 3
6097905 60 1
3804153 60 1
5117370 60 1
4518124 60 3
6450035 80 2
5717144 60 2
5330638 60 2
5401160 60 1
4299180 40 1
2929599 80 2
3748369 40 0
4318182 40 0
6210927 40 0
6275911 60 1
4683704 60 0
5767887 60 0
4981072 60 0
5963174 40 0
5207301 60 0
3980060 80 0
3803900 40 0
6373713 40 1
5100506 60 1
5442507 80 1
10379245 60 0
4626518 80 3
6607698 40 1
5352425 40 0
5154158 40 1
7083992 60 0
3494027 40 0
6112116 40 1
6689623 40 0
6688692 40 0
6563822 60 1
7799830 40 1
3182847 40 1
5551116 60 0
5579012 40 0
3301870 60 1
5497401 60 1
3624890 100 1
5017132 80 1
2860055 60 6
2692161 80 7
2010272 60 7
2543172 60 4
3479508 80 6
4128698 60 3
5399817 60 5
1589175 80 3
2172334 60 4
3979692 60 8
5783713 40 0
4144388 40 0
1849778 80 1
8912769 40 0
4481066 80 0
3187059 20 0
6990498 80 1
3803557 40 0
4855332 40 0
2203648 40 0
3612672 40 0
4151296 40 1
6221824 60 1
4052992 60 1
4704256 60 1
6877722 60 1
4671007 60 0
6185686 60 0
4888442 40 0
4656476 40 0
6107414 40 1
5342239 40 0
6746371 40 1
7222538 40 0
8684283 40 0
7409175 60 1
5462314 60 1
7241728 60 0
4678232 80 1
1880629 80 0
3222804 80 1
2198504 80 1
6208079 80 0
2493360 80 1
1876866 80 1
4535724 60 0
5719375 80 0
4215355 80 0
7199261 60 1
5359063 20 1
3401837 60 2
3531245 80 1
3403786 40 0
3577774 80 3
3097295 80 2
3947631 80 1
3522458 60 0
4331622 80 1
3058318 60 1
3711167 80 2
2196793 60 0
5021873 40 1
5834925 20 0
5106200 40 0
1541644 20 1
4307543 60 1
6610923 80 1
6861274 40 0
5317305 60 2
9059711 80 3
5405893 80 1
3882968 60 1
4050944 60 2
4104192 60 2
5662291 40 0
4644451 80 3
4106555 60 3
5280599 80 1
5037773 80 0
3834884 60 0
3255165 60 0
4838399 80 1
3194991 60 2
5190742 80 1
6056331 100 2
2031490 100 2
2340367 80 1
3148697 60 1
2330952 60 1
1960231 60 1
2817886 40 1
3447219 40 1
3985560 60 0
3056120 60 0
2165763 60 0
2450918 60 1
2035268 60 1
2176740 80 0
4106661 80 1
4324518 80 2
4173847 80 1
4269871 80 3
3099388 80 0
3806254 80 1
4209178 80 0
3235227 80 0
4767349 80 0
5089605 80 0
4131745 100 2
3167948 80 1
3529669 60 0
4392858 80 0
3853494 80 0
3722565 60 1
3227070 80 0
4762238 100 3
2114877 60 2
2288327 60 1
3666243 100 2
2526373 60 0
3821513 60 1
2814881 60 0
3612116 60 0
2947591 80 2
3116852 80 1
3965923 80 1
3512437 60 1
3498962 60 1
4881042 80 0
3676701 80 1
3251525 80 0
3876690 60 1
2842031 60 1
1745612 60 1
2155847 60 1
3306266 80 1
4236331 60 1
3766446 60 0
3333749 60 2
4300412 60 2
2429400 60 1
1606958 40 0
4363397 80 1
2284890 80 1
5015001 60 1
8379482 40 0
4735467 20 0
1392768 60 1
4396327 60 1
4916889 40 0
7918034 60 0
3809806 60 0
618847 40 2
5865277 40 0
3798896 40 0
5384841 60 1
4607967 40 1
6225044 40 1
3129323 40 0
4170363 40 1
4453414 80 1
3368086 60 1
6456674 100 2
3737952 60 0
4005348 80 1
5982836 100 4
6885812 60 0
4817447 80 2
5185761 60 0
3927074 80 2
5330068 60 0
3249061 80 1
4550179 100 4
4464696 100 5
3844448 60 2
5337062 60 1
5685293 80 2
4754605 80 3
7631530 80 1
4583774 40 3
4988233 60 2
4411248 60 1
4333612 60 3
4642704 60 4
4345325 60 1
3680020 60 2
5737443 60 2
5577675 60 2
6653400 80 1
4820547 60 2
3424814 80 1
6777326 60 1
3492776 40 0
6337915 40 0
5977602 80 2
4875606 80 2
2207032 60 1
3541366 40 1
3293723 40 0
4382720 60 1
1412811 60 0
5521137 80 1
2983908 40 0
5548413 80 2
4745513 60 0
3642204 40 0
2304526 40 0
3799972 60 1
4027868 60 1
3322771 60 1
6435752 40 0
3166453 60 0
5106101 80 0
2910245 60 1
3071684 40 0
4920122 80 0
3853060 60 0
3722981 40 0
5093983 60 0
2706813 80 1
3974185 60 1
4751666 60 2
3668747 80 0
4670580 80 0
4673644 80 0
4219086 60 1
2574212 60 1
5459389 80 1
2793438 40 0
4988348 40 0
4812904 60 2
3888482 60 0
5013002 40 1
4341969 80 0
3233230 60 1
3597376 60 0
4363189 60 0
2894674 100 2
5308301 80 0
4819069 80 1
5279143 80 0
4829414 80 1
6019345 80 0
16633216 100 0
3786183 80 0
5748618 100 0
4424120 80 0
5594068 80 0
4429535 80 1
4101652 60 1
6912415 20 0
5608376 60 1
2607122 60 0
5290840 60 0
3686834 60 0
2252270 20 1
4600176 60 1
3299754 60 1
5061028 40 1
3862014 60 1
4232267 80 3
5188653 60 1
5692408 60 1
7142724 80 1
6906254 60 0
8677035 20 0
4071424 60 1
4671232 20 0
5423692 60 0
3825862 60 0
3629944 40 1
3927966 60 1
7095981 60 1
4730226 60 1
6226828 60 0
1761518 80 1
4897896 60 1
4322923 40 1
2141603 40 1
6002324 60 1
5275606 40 0
3280560 60 1
5266834 40 1
4524703 40 1
2975265 60 0
4511006 60 0
4619412 40 0
4040042 80 1
5671816 60 3
7710836 40 0
5211009 40 0
9071475 80 0
3835505 60 1
5073918 40 0
4570794 60 0
5101607 100 0
7898079 40 0
4395363 80 1
4985719 60 1
6984916 60 1
4925750 60 1
5702216 60 2
4123167 60 0
3669999 60 1
4734444 100 3
4484805 60 1
6551619 40 1
6319869 80 1
6284448 40 0
3869992 40 1
5483954 40 0
5102558 80 3
4458692 80 2
3952452 60 1
5270677 40 0
5160959 60 0
4300064 80 1
4497954 100 2
3124160 60 0
4959178 40 0
5655091 60 0
4296525 40 0
5428742 60 1
2663117 40 1
7279400 60 1
4539762 60 1
5205467 60 1
6009310 40 1
9061145 80 1
7005827 80 1
1846428 60 0
4961270 80 1
5782353 60 1
7646453 80 1
6526958 80 1
7527751 60 0
4298446 80 1
5550587 40 0
6676693 60 1
5222327 60 2
6802204 60 1
7506974 100 1
3628521 60 1
7242420 80 3
5577885 80 1
4377088 60 4
3396866 40 2
7339890 80 1
4566837 60 2
4505286 80 3
5313413 60 3
6195734 40 0
3929029 80 3
7812599 60 2
6818388 60 1
1534221 60 3
6958782 40 1
4653527 60 1
5752243 60 1
4413480 100 1
5364991 40 1
4529168 40 1
4129220 60 1
3441876 60 1
3341090 60 2
2374136 60 1
3789226 80 1
3501998 40 0
4225056 60 1
2928190 60 2
8877980 60 0
5237862 40 1
6513243 80 1
7318134 80 1
6882642 60 1
6364142 80 1
2528154 40 1
6650457 80 1
6306415 60 1
5969187 20 0
5087232 80 2
4337664 60 1
4954112 60 0
5974016 60 1
4972544 40 1
11077632 80 1
9129984 60 1
5769216 80 1
5566464 60 1
3286123 60 1
7495817 60 1
294553 60 4
5176140 40 0
10585885 40 0
9387804 60 2
6290313 60 1
5985933 40 1
5616241 80 1
3114661 40 1
5025033 60 1
4139248 60 0
6411177 80 0
5228465 40 0
4616278 80 0
4783858 60 0
9298682 100 0
6553188 80 0
9891315 60 1
4288768 80 1
10156387 100 1
6258827 80 1
11496183 80 0
5692908 60 1
5551218 80 0
7460976 100 4
3000952 80 0
6776072 80 0
3328230 60 0
3467737 60 1
4262667 60 1
2139435 40 1
11293339 80 1
9090480 100 2
3961605 80 0
5119665 60 0
4864200 80 1
7368398 60 1
7892221 80 1
14959069 100 2
4276869 40 0
4623781 60 0
5470803 40 0
7296637 80 1
8086677 80 1
7005421 60 1
7974659 60 0
2148929 60 1
4683886 100 0
3100421 60 1
4341439 100 1
2596770 60 1
2794476 40 1
2957909 40 0
3720243 60 2
6589863 60 1
4358788 40 0
3872280 40 0
3472183 20 0
3579516 60 1
4425984 60 0
6287470 60 1
8408103 60 0
5945921 60 0
7053611 40 0
7387265 100 1
9211432 80 1
6783711 60 0
9303889 60 1
21706403 60 0
6819128 60 0
5810855 80 0
3768831 40 1
4326286 40 0
3775519 40 0
5044335 60 1
4546853 60 1
2516968 60 1
5491997 60 1
5807250 40 1
4832976 40 0
4366541 40 0
5198381 60 1
4698852 60 0
2663991 60 1
3236480 60 1
4151304 20 1
6558639 80 1
6296679 80 1
6881712 80 1
7000203 80 1
3754118 80 1
5863660 80 0
1612495 60 2
6416323 60 1
5909869 60 0
7542084 80 0
4453254 40 0
4936107 80 2
2733144 80 1
7872269 80 0
6790592 40 0
6658102 80 1
6794667 80 0
6127504 60 2
6841700 60 1
6730927 80 2
5882267 60 0
5782479 80 0
6933943 60 2
5116244 80 1
5385468 80 2
3592192 60 0
4496524 40 1
1453968 40 1
2618416 60 1
1335170 80 1
3084635 60 1
2676356 60 0
3752253 60 1
2773566 60 0
5574037 20 0
4738234 60 0
1808384 40 0
4204544 40 0
4870144 40 1
4440064 20 1
6223872 20 0
4667392 40 0
4009984 60 0
4898816 20 0
7041024 40 0
3180544 40 0
3923968 40 0
3719168 40 0
4169728 40 0
4386816 40 0
3733504 60 1
4077568 20 1
4628480 20 0
3426304 40 1
4020224 40 0
3995648 40 0
4251648 20 0
3414016 20 1
5132929 20 1
5460818 40 2
5515362 40 1
5678993 40 1
7055124 40 1
5394990 20 0
4914755 40 1
5515362 40 0
4805667 20 0
5678993 40 2
6280227 40 0
4914755 60 3
5367808 40 1
5543936 20 0
4952064 60 1
4937728 20 0
5070848 40 0
4498970 60 1
4132515 80 1
4045163 80 1
3482205 80 0
3668598 100 1
2363151 60 1
4173039 80 2
6550917 60 1
7291524 100 0
5697011 100 3
6676197 80 2
3942632 80 2
4700494 60 1
2809163 60 0
5691879 60 2
3171665 40 1
3616276 40 0
4700902 40 1
4848127 40 1
4804692 80 1
3538141 100 2
5104766 60 0
5084322 100 1
6616523 40 0
5941024 60 1
4510218 80 1
6970566 40 0
6273599 40 0
3230825 20 0
4297593 100 1
3758402 40 1
7942487 40 0
3636454 60 1
3802813 80 0
5652197 80 1
5882713 60 1
6616957 60 1
5538194 60 1
6007159 60 1
3942009 60 2
3259279 40 1
4948733 80 2
5372238 60 1
4327251 80 2
6855576 80 1
5010185 80 1
7693905 80 1
5282789 80 3
4920211 80 3
3273050 80 2
1800883 80 2
3187366 60 1
2828970 60 2
3852433 100 1
3362816 80 1
3328000 80 4
3536896 60 1
3584000 60 2
3776529 80 1
3303424 80 1
2629632 80 2
3074048 60 1
4554752 80 1
3618816 60 1
3813376 60 0
3729408 80 1
4055040 60 0
5717041 40 2
4153470 60 0
7064772 80 2
2983999 80 0
7619214 60 0
2945170 80 1
6051654 60 0
3333122 80 2
4105503 60 1
5059810 60 2
3803104 60 0
4592002 100 2
3641704 60 1
5668126 60 1
7409339 60 0
4688219 60 1
5231501 60 1
10149389 40 0
6569072 40 1
3283616 80 1
6169324 60 0
14927853 20 0
10617660 60 0
5116999 60 0
4082215 40 0
5450824 40 0
4756902 60 1
3370541 40 1
5153529 20 0
3752510 80 1
5715968 60 0
5300224 80 1
2764800 60 1
5556555 40 0
5599404 60 0
6853387 40 1
6161975 40 0
6233548 60 0
768339 20 0
253844 20 0
140976 20 1
948488 20 0
221233 20 1
411402 20 1
650897 20 0
1056730 20 0
244633 20 1
2750171 40 1
3853154 60 2
1785856 80 1
5842944 80 0
10068524 40 0
1985853 60 1
4194349 80 1
4832155 20 0
8486538 80 3
5689764 60 1
7669760 80 0
4921344 80 0
7920413 60 2
7188148 80 1
5405761 60 2
5455872 80 2
7590016 80 0
7472778 80 1
8000034 60 1
6210258 60 0
5785786 60 2
3016448 20 0
7442297 80 1
5139128 60 1
5949758 80 1
6667929 100 1
7047738 80 2
5714871 80 2
6689660 80 3
5887888 60 1
4909967 40 1
5852566 80 1
6604827 60 1
6286325 100 1
4530171 60 0
5772038 60 2
4534441 80 2
6853394 60 0
6854034 100 1
5817998 80 1
4625130 60 2
8225848 60 1
7520657 60 0
10211375 60 1
4083461 60 0
6813696 60 1
5539840 60 1
7333008 40 1
4934734 80 1
3846377 60 1
4117416 40 0
5401391 80 0
4563904 80 2
5026904 80 1
4969629 60 1
4488675 40 1
4232268 80 0
5575777 80 0
4445511 80 1
5427082 80 3
5262411 80 1
4422098 60 1
3040010 60 1
4625438 60 3
6939675 80 0
5078615 60 1
4678620 60 0
4373109 60 2
4376672 40 1
4260985 60 2
4561503 40 1
3581075 40 0
4791283 60 1
6702840 80 1
4093522 60 1
4975936 80 0
6356878 60 1
4829030 80 0
5046357 80 2
5067158 80 4
4765799 60 2
4807087 60 1
3541834 40 1
6211264 60 1
5720346 60 1
5406250 60 2
4374303 40 1
4513176 60 1
1942743 80 2
1947206 60 0
4932016 60 1
5046638 60 0
4057088 20 0
3813126 80 1
2553012 80 1
5751138 60 2
4660678 60 0
4079292 100 2
9470988 60 1
5047816 60 1
5458367 80 1
4464710 60 0
3626799 80 1
944481 60 1
5078089 80 1
6935717 80 0
5560213 80 1
6950035 80 1
4924602 80 2
4882812 80 2
3594976 100 1
4589092 100 2
978544 60 1
4481773 80 1
4282627 60 2
1446762 40 1
5430959 60 0
4086391 80 2
4928676 80 1
3650680 40 0
2403889 40 0
894750 20 0
5482992 80 0
1400859 20 0
4983137 80 3
4499926 40 1
5726738 20 0
7794808 40 0
5807624 40 2
5702456 40 0
4189891 60 2
3173841 40 0
4488845 40 0
8822263 80 3
6859641 80 2
7516254 60 0
7783232 80 1
5626034 80 2
7509885 80 1
11822178 80 2
8356456 80 1
5543489 80 0
5789556 80 1
6680863 60 0
8332002 80 2
4480232 60 0
6005239 80 1
5727292 60 1
5491461 60 1
3708769 40 0
5186141 80 1
5452696 60 0
6959649 80 1
8044544 40 1
3350276 40 1
4112384 60 1
5002241 60 2
7259957 60 1
4696826 60 1
3900929 60 0
5077812 60 0
4099457 60 2
4722733 80 1
10669779 40 1
6070476 100 1
3481228 60 0
3796049 60 0
4280255 80 0
5923465 80 1
3861260 80 0
4699046 80 1
3535547 60 1
5409888 80 3
4456742 60 0
4165004 100 1
4974592 40 0
5866568 40 1
7150321 60 1
4830241 40 0
5023981 40 2
1968419 60 0
1435611 80 2
1018154 100 4
5662113 100 3
5586297 60 1
6506227 40 0
6162668 40 1
3168258 60 1
6655685 60 3
4796474 80 4
4550744 40 1
3424037 80 4
5079692 60 2
6351636 40 0
4590228 80 5
3774386 60 5
5281838 80 8
4410812 60 8
4530772 60 5
5144438 80 7
2789561 80 5
5516213 80 6
4736520 60 4
9746695 80 5
7013562 60 2
5002345 80 3
3742627 60 4
3804789 40 3
5006539 60 3
5209346 60 3
5263474 40 2
7407610 60 3
2800124 60 2
2982555 40 3
5003910 60 3
4738961 80 2
8027626 80 1
3967297 40 0
5291052 60 0
4626747 60 0
4981919 80 1
6244059 60 1
3898058 60 1
4358646 60 0
6444268 60 1
5424485 60 3
6328634 80 1
3166564 60 2
5737744 60 0
3652550 60 0
2328652 80 2
6356992 40 0
6651904 60 1
5808128 60 2
4454400 80 1
6401461 80 1
4265070 80 1
4967247 60 1
5794694 80 1
4323328 100 0
4411392 80 2
4503552 60 2
5033984 80 1
4694016 40 0
5369856 60 2
2076672 40 1
6463488 60 1
5488640 40 2
6189056 60 0
5738496 40 1
5830657 60 1
6307840 60 1
6238974 60 1
7620017 60 2
3776750 80 1
8061472 80 2
1637635 80 1
4085946 80 0
4159296 80 0
4965424 60 1
5680868 60 0
3602383 40 2
3301342 40 0
3546784 80 1
4850208 80 1
3746162 80 0
4029647 80 0
4123071 80 0
4183775 80 0
3388784 100 1
4124706 80 0
4344348 80 0
6097704 60 2
3981661 80 1
4534006 60 1
2727907 80 0
4602251 80 0
4500053 60 1
3559116 80 1
4169949 60 2
4335670 60 1
3019202 80 3
3984380 80 1
4290005 80 0
4365665 40 1
4267962 100 1
4959160 80 0
4595428 40 0
4179255 60 1
5782017 60 0
4251245 60 1
4616979 100 3
4122202 60 1
4467224 80 0
14953852 80 0
5407750 80 1
3746546 80 0
4558328 60 1
4741187 60 0
3455966 40 0
3571168 100 2
4535701 60 0
3770397 80 0
3308666 80 1
3580241 60 1
629347 80 1
4009904 80 1
7555664 60 0
2988634 100 0
2936192 60 1
3512540 40 0
3617132 60 0
7993482 80 0
3550892 60 1
3643063 80 0
4185976 80 0
4147838 80 0
1295575 80 0
3777009 80 1
3559989 80 1
5180821 40 0
6348822 80 1
4813533 80 0
3426035 80 0
2880682 80 0
4117641 80 1
3555800 80 0
4056256 60 0
4100553 40 0
4117688 60 0
4080068 40 1
4651535 20 1
3487323 80 2
3739857 40 0
4041317 60 0
4717504 60 0
9594563 40 0
6167150 20 1
5773437 60 0
5385787 60 0
5839902 60 1
4300650 40 1
5521419 40 1
3631908 60 1
5415354 60 1
5433485 60 1
5256137 100 1
4196620 60 2
5545441 60 2
4446867 40 1
6368561 80 2
7502054 100 0
6880560 60 1
6719875 80 1
4245004 60 4
5937851 80 2
4557554 60 0
6398767 60 0
4814911 40 3
5678177 40 0
6755603 60 1
4535896 80 1
5603985 40 0
2708780 60 1
4144194 20 0
6572119 40 0
4903208 40 0
5469313 60 0
2683759 40 1
7209088 40 1
3571050 80 1
4459434 60 1
2762404 60 1
4965879 100 1
3936256 60 0
5116764 60 2
4050944 40 0
2555948 80 1
3184559 80 0
434152 40 2
9396186 40 0
8041819 60 1
4638639 60 0
3442364 40 0
4400322 80 2
3325231 60 0
5359656 60 5
5726868 60 1
3605777 40 0
3080812 80 1
4240725 40 1
5886559 80 1
4332635 60 1
3208526 80 0
4548568 60 1
3999579 60 1
3437212 60 1
4748849 60 0
2897827 60 0
4161195 40 1
4965771 40 0
5924040 60 1
1117924 20 1
6659551 40 1
5260637 80 0
5985495 60 0
6101472 40 0
7080326 60 0
6109121 60 1
4630364 80 1
4939955 40 2
5059400 60 1
5560428 40 1
7279177 40 0
6739268 40 0
5568981 40 0
8466818 60 0
5751536 40 0
8036827 60 0
4415006 60 0
4349943 80 1
5312924 60 0
5516058 100 2
4363376 80 1
5288310 80 1
5032621 60 1
5230838 60 0
5289268 60 1
4867658 60 1
3854606 40 1
4659516 60 2
3873846 60 1
4857787 80 1
5410233 40 1
5876228 60 1
5048053 40 0
3816918 80 1
2674630 60 0
2087716 40 0
3462905 60 1
2372032 60 1
4105214 40 0
1849598 80 1
5709763 60 1
5286892 40 2
4986680 80 2
7539155 60 1
4209903 80 2
5287928 80 2
6085383 80 1
5594175 80 1
3824753 60 1
7234776 100 5
4140192 80 0
4620943 100 3
8858113 100 1
3141478 60 1
5836279 80 2
4012535 60 1
5107897 80 0
2764192 60 0
3655290 60 1
3341094 40 1
3857361 40 1
4681717 40 0
4584392 60 1
3804703 40 0
4386285 40 1
4028633 60 1
3783713 60 0
4405213 60 2
4312641 80 0
3002126 60 2
2225964 40 1
2517910 80 2
3936145 60 1
3246301 80 1
2843512 60 2
3162604 60 1
3339294 60 2
2610374 40 1
4286823 80 1
3302627 80 1
3540757 80 1
3575136 80 1
3933021 80 0
5616454 60 1
4411501 100 4
5280973 60 0
4453407 60 0
4251009 80 0
4193018 100 0
6177087 60 2
4091564 80 0
4177014 100 0
3850786 40 1
3489242 80 3
4619826 80 2
3426762 80 1
5114485 80 0
4221297 60 0
2717387 60 1
3140132 60 1
3901878 60 0
3162501 80 1
4902454 60 0
3904072 60 2
3936870 80 1
5016356 60 1
4313867 80 1
3682016 100 1
4084515 80 1
1390872 60 1
3937817 60 2
5452734 80 0
2927844 60 2
2894614 60 0
1758072 80 1
8027246 100 1
6707059 40 1
4337664 60 1
1892686 60 1
2246861 60 1
5553083 60 2
5183488 100 1
4677632 80 3
4896768 40 0
5220352 60 0
3751936 40 1
4941824 60 0
4347904 60 1
5615616 60 0
7149096 60 1
716694 20 1
6856299 40 0
7696406 80 1
6409307 60 1
546797 20 1
7519613 60 1
5430015 80 1
7770383 80 0
795690 20 0
1823238 40 1
7147837 80 4
6456955 40 0
7104992 80 2
6730295 100 2
6928614 80 1
1387320 20 0
5965321 100 2
228939 20 1
4865570 60 1
1190984 40 0
6362289 60 1
6678677 80 0
5269733 80 1
7103846 60 0
6133764 60 1
5574008 60 0
5229189 80 0
5237239 80 1
4868592 60 1
5552162 60 0
5465137 80 1
1602451 20 0
1046039 20 0
5744947 40 0
6070643 80 1
331326 20 0
706572 40 0
4593262 60 0
5470572 80 1
3971576 40 1
6283286 80 1
4531972 60 1
4198401 60 1
6046708 60 2
5777153 40 1
5398587 40 1
5902325 40 0
5105701 80 1
4924307 40 0
4077947 40 0
4578379 80 1
5471612 60 0
2356058 60 1
2056592 80 1
3978616 60 0
1860317 60 1
4378624 80 3
5681152 100 1
6344446 60 1
3297905 60 1
4636329 60 0
4356710 40 0
7185039 80 1
2546639 40 1
4768608 40 1
4542604 60 1
6052284 60 0
5964832 60 1
8373940 60 1
5780400 60 1
5169970 60 0
5381253 80 0
6659689 80 1
4703528 60 2
5976123 60 1
3759156 60 0
1973036 80 2
4149629 80 3
3600432 60 0
7363324 60 0
5495343 40 0
7219944 60 1
8675282 60 1
5749979 40 1
4557124 40 1
5661485 40 0
4009582 100 3
5436192 80 0
5471711 80 1
6291106 100 1
6684105 80 1
4249286 80 0
3132398 80 0
10574258 80 0
5008819 60 1
7655648 80 2
5646665 40 0
6495705 80 4
7065280 60 1
4149248 40 0
7587515 40 0
7015538 60 0
8769201 60 2
2408092 80 1
4383683 60 1
1290386 80 1
5407870 60 0
6558727 80 1
5057011 60 1
7568697 80 1
7700981 100 1
7407479 80 1
7256383 60 0
7237049 60 0
5446829 100 1
7571212 60 0
4928138 80 0
5462714 80 0
6541674 60 0
6870912 80 2
5664640 60 0
7053868 60 0
7049088 40 0
7360384 60 1
7536512 80 1
6004999 60 1
6864768 60 1
7737231 60 3
6090624 60 1
3501693 40 1
4247552 40 1
4065280 40 1
6080901 80 1
3925997 100 1
5230354 60 1
3313483 40 1
5305473 40 1
5407560 40 0
2322560 60 2
6292174 60 0
3614203 60 0
3978979 80 0
3159974 60 2
3707728 40 0
4138433 80 1
3263644 80 0
4500078 60 1
3513141 60 2
6250688 80 2
4041804 60 0
5590533 100 4
5645242 80 0
4984832 80 1
5122998 20 0
3089827 60 1
4155392 40 1
2534944 40 0
3386098 60 0
5335289 60 0
5500261 60 2
4395682 40 0
4485874 60 1
8005638 80 0
4088469 40 1
6809325 80 1
4317421 80 0
4637671 40 1
3328415 60 0
4720862 80 1
4541119 80 2
3499560 60 1
7443852 100 4
6280166 60 0
6473765 60 2
6193625 40 1
4749182 100 3
4166330 80 3
4842884 80 1
5710478 40 0
5149890 100 4
2064185 60 2
5001814 40 3
5519151 80 2
4539870 80 1
5903261 60 1
4616772 80 1
4215541 80 2
4237312 80 2
7235001 40 0
6692699 40 0
7571881 60 1
6233355 80 1
5091294 60 0
5918950 40 1
6874511 40 0
3939401 40 1
7278879 40 1
4329557 60 0
7036348 60 0
4476515 80 1
4666898 60 1
4719463 60 1
2043713 40 1
2219781 60 0
5259278 60 1
3318595 60 1
2901146 60 2
2751532 60 0
4152631 80 1
5364650 40 1
2895139 60 1
2164080 40 1
3048695 60 1
4521895 40 0
3311372 40 1
2790284 40 1
2603579 60 0
5466112 40 0
4547861 80 3
8353363 40 1
5002349 40 1
5606195 40 0
8521773 60 1
7883654 60 1
7643334 80 1
4910399 40 0
5862934 80 0
4164444 60 1
4047771 80 1
6468713 40 0
2672640 60 1
2296088 60 0
4077591 60 0
3844942 40 0
4378648 60 0
3391652 60 0
4990771 20 0
8951133 40 0
3396767 60 0
5723661 80 1
3897829 40 0
9251309 40 0
3511403 80 1
5513122 60 0
4862288 60 1
3936974 60 1
3826081 60 0
5880937 60 0
5454890 60 0
6559569 40 1
4573010 80 0
2634274 80 2
2556957 60 1
2387688 80 2
3139590 80 3
4209580 60 2
2990805 60 1
3303012 60 2
2200440 80 2
3287964 80 2
2191255 60 2
4191600 80 1
3956700 80 3
968980 20 1
3579948 60 1
5819866 40 0
10256384 40 1
4796416 60 2
4883264 60 2
4983873 60 1
2966173 100 3
6033786 40 0
5176134 40 0
8817394 60 1
6287977 60 1
13882727 40 0
6175988 60 0
4298752 40 1
3522560 20 0
5453824 40 0
3507407 40 0
7327780 60 0
3325008 60 1
4084022 80 2
3874206 80 0
3506490 80 1
5361971 40 0
5144937 60 2
1754461 60 0
5200464 20 0
4193743 100 3
8553307 80 1
4939347 60 1
3744374 60 1
3491733 60 1
5219146 60 0
8752802 60 1
5784136 40 1
4939211 40 0
4601820 60 1
5202334 80 0
5251550 40 1
4455646 80 1
7023695 80 1
3064995 60 1
4742375 40 0
4887191 60 0
4568513 40 0
6661656 40 1
2695217 60 1
4845952 80 1
7191552 60 0
3745042 40 0
3039232 80 2
3627802 80 1
4240952 80 1
3595620 60 2
3729162 100 1
4533622 60 0
5261714 80 1
3741495 60 1
5852916 40 1
3354220 60 1
3551076 20 0
3858276 40 0
3507497 60 1
3698660 80 1
2887754 40 1
2943181 100 2
3452369 40 1
4014603 40 1
5315495 80 1
2446208 60 0
5049889 60 0
3591105 80 1
3698417 60 1
4142806 40 0
7291922 80 2
1192026 60 2
4309483 20 0
6192691 60 1
7948125 60 0
4871845 60 2
5392316 60 2
4262131 60 1
2163722 40 1
5644675 80 2
4798920 80 2
4647213 60 1
5581362 60 1
5014598 60 1
5615190 100 1
5248430 80 2
4404596 80 1
4274189 60 0
4810212 60 2
3847225 80 1
5121802 80 0
5318036 60 2
6405148 80 1
4291122 100 2
3555583 60 0
2650112 60 0
2881536 60 0
3655680 100 1
3289088 100 0
4495360 60 1
2195456 40 0
3665920 100 2
3094528 40 0
3584000 60 1
3452928 80 1
4825088 60 1
3774464 60 0
3117056 100 0
5001216 40 0
3575808 60 1
2244608 60 0
5681152 60 1
6825928 80 1
3829047 80 1
4186611 80 1
5853886 80 1
4788081 100 4
5585556 80 0
4527907 100 2
1645705 80 2
4657216 80 1
4400581 80 0
5285187 60 1
6120697 80 1
6686923 40 1
4608878 40 0
6309298 100 4
3067008 60 0
5647709 40 0
3148640 80 5
6760814 60 0
3461568 60 1
8724718 20 0
230415 40 0
3181724 20 0
8696841 60 2
4504616 60 1
2948609 40 1
5718016 40 1
4485120 40 1
6150144 60 1
8471179 40 1
6026431 40 1
6001775 40 0
4954917 60 0
7431835 40 0
11978838 60 1
2759591 40 1
3470209 60 1
6356950 20 1
8584476 40 0
7364017 40 0
6959630 60 0
6372920 40 0
4380728 40 2
5931659 60 1
7271327 60 1
8809213 60 1
8249768 40 0
5483432 40 1
4326410 40 1
2639808 40 0
1855775 60 1
3348045 40 0
2397214 60 2
3152849 40 0
3613024 60 0
1215186 20 1
2308775 40 1
2211968 60 0
2773478 40 2
2090184 40 1
2641120 40 1
2547931 80 1
2622311 20 0
3442740 60 0
4184921 60 0
10362675 80 1
3961753 80 1
1693146 40 0
7224428 60 0
8404453 80 2
8777112 80 1
10456683 80 2
9222801 60 1
4333812 80 1
6931352 40 1
3444946 60 1
3962798 60 1
4598514 60 1
6710671 60 2
1670710 40 1
4327260 40 0
4360903 60 2
5543310 80 2
5952075 60 1
5075613 60 1
4701331 40 0
6182404 60 1
8023096 60 1
4067112 60 1
4957366 60 1
6671416 80 4
3429516 60 1
6877679 60 1
3786610 80 1
5768567 40 0
2896994 80 2
4614295 40 1
9069214 60 0
2721758 80 0
5130224 100 2
4573626 60 0
2072745 80 1
4051160 80 1
3287324 80 1
1693533 20 0
2559033 80 3
3203936 80 1
15263088 100 0
4848856 60 2
10786252 60 2
5377240 100 2
3051011 80 0
6245354 80 0
3736651 40 0
7328388 60 1
4811720 40 1
3695345 40 0
3598900 40 0
4799275 40 0
4891665 60 0
3768907 60 1
5050473 40 1
3706808 80 2
4638122 80 2
4634360 80 2
3827281 40 1
4349412 20 0
5310202 40 1
7610702 60 1
3383798 40 0
5191181 60 1
4445123 40 1
18337792 60 0
7446053 60 1
4565250 60 0
3724315 80 1
5093246 100 1
3952624 60 1
4777391 60 0
5232124 60 1
7453052 60 1
4889699 40 1
4904538 40 0
3634170 60 0
3824122 60 1
3830813 80 2
5050216 80 1
3472113 60 1
4054647 40 1
3694051 60 0
2570488 60 1
6593926 60 0
4660580 80 1
4514212 60 1
4476448 60 1
1370262 40 2
5568778 60 1
6896533 40 1
7903175 40 0
5788413 60 1
3914293 60 1
4428056 20 1
6389364 40 0
6800203 60 1
3272762 80 1
6574313 40 0
3960088 80 0
5189295 60 1
4645962 60 0
6411583 40 1
4675696 80 1
4002361 80 0
4940464 80 2
4611641 80 0
3679710 60 1
4232347 60 1
4731489 80 1
6106057 20 0
5293235 40 1
5999387 60 0
5365017 20 0
4462221 20 0
7299643 40 1
6819396 60 0
8411828 40 1
7081874 60 1
6459125 40 0
7522301 60 1
7976423 40 1
7224306 20 0
7838067 40 0
5598672 20 0
3537562 40 0
3112231 60 2
3663696 60 1
5988234 80 0
5603297 40 0
3906135 80 0
5435885 80 0
5904096 40 1
4617101 80 1
7154413 80 0
6127804 80 1
6480255 100 1
4675399 60 1
4956263 100 1
6455178 80 0
6744095 60 1
2289685 40 1
5662407 40 1
6332290 80 1
3446387 40 2
4685594 60 1
2375552 80 1
4294955 80 0
4106280 60 2
3866942 40 0
9043672 40 1
3665482 60 1
6763496 40 0
5196267 60 1
4773794 60 1
4311219 60 0
2994977 40 1
8358950 60 0
11546308 60 0
7495651 60 1
8018120 60 2
5929362 60 1
7043549 40 0
7395328 100 1
4909056 40 1
5052416 80 0
3903488 60 0
4790272 40 1
3376160 60 0
8019749 40 1
6912556 80 1
3121860 40 1
4625242 40 0
633309 20 1
4839673 80 1
9360872 80 1
4878457 60 1
5755740 60 1
4256070 40 0
7268404 60 0
4847418 60 2
5478716 60 2
4381987 60 1
3285213 80 1
5810011 40 1
5052985 40 0
7698452 40 0
5182342 40 1
6412739 40 0
3701211 40 1
4597760 40 1
12787528 80 0
8815860 60 1
7679661 60 1
9801310 80 0
8777325 60 0
4315136 60 2
6239004 80 3
2962746 40 1
348995 20 0
4265358 40 1
4124300 100 2
4666809 60 0
3314816 60 0
4807348 60 1
2866970 60 2
4934923 60 0
4491586 60 1
5724079 80 1
1634304 60 1
2322432 60 1
2217984 60 2
1472512 40 0
3289088 60 1
1701888 40 1
456704 60 2
2074624 60 1
2078720 60 1
2115584 60 2
2615296 60 1
1824768 60 2
2836480 40 1
1731710 60 0
6003574 60 3
3322073 40 0
3226777 20 0
3168263 60 1
5339143 40 0
2694715 20 0
1932521 60 2
2587686 60 1
4446750 80 0
4759072 100 3
3738102 60 1
4875789 80 1
5847498 40 0
6860996 40 0
5361726 60 0
10227589 40 0
7757848 40 0
3633152 60 1
7212512 40 0
4792945 100 2
5629104 80 2
740961 40 0
6863358 80 1
4317541 60 1
3881992 60 1
4149906 80 2
4999716 80 1
5066915 80 4
4495042 80 1
2568653 80 3
4145411 60 0
7391319 40 1
6675306 60 0
5051950 40 0
5884951 60 2
4429292 60 3
5228542 80 0
4101415 80 3
6521293 80 3
9713454 60 0
4211806 60 1
6956640 60 2
4871442 80 1
6295220 60 1
4374528 40 0
3854336 60 1
6127616 60 1
10887168 40 1
18628608 40 0
4661248 40 0
8642560 40 0
5162431 60 1
7784775 40 1
4882877 60 2
4499951 80 4
6325472 40 0
5618204 60 1
5586465 20 0
4187943 40 0
4907460 80 1
4602666 60 1
5859328 80 1
6092800 40 1
7321600 40 1
6694912 60 1
5019648 60 1
5941248 60 1
2639872 20 1
6780928 40 0
3264512 60 1
2301105 80 1
4659839 100 1
4907985 100 0
6459344 80 0
1970476 80 1
4069271 40 0
2648112 60 1
2218244 80 0
2976015 80 1
3622907 60 0
13156831 60 0
3498841 100 0
3963960 60 0
4862437 60 1
22956532 100 0
3634886 40 0
5924151 40 0
3695227 40 1
9190683 60 0
9157781 60 1
7507996 80 1
7991855 60 0
2775246 60 1
4950298 100 2
4394947 60 1
4028896 100 3
5916411 80 2
2654774 80 2
8408716 80 0
4538233 80 2
3679756 80 2
4024216 40 0
5640361 60 1
3453051 40 0
6156821 40 0
4631071 40 1
5440008 40 0
3285706 40 1
7598208 20 0
4277145 80 3
5958612 80 1
5104704 100 1
3973120 60 1
5771264 40 2
5068800 60 2
3450880 60 1
4165632 80 1
1200128 40 0
5461171 60 1
7629018 60 2
6101698 60 2
5317912 60 2
10223133 40 1
8189108 80 0
1542081 80 1
6449546 80 1
12591571 80 1
7252355 80 1
8295273 60 0
7040652 80 2
7512214 80 2
7273162 80 0
9380090 60 0
5279468 60 1
5687925 60 1
9323960 60 0
5786569 60 1
6950563 60 1
1423184 40 1
3771804 60 1
8123059 60 1
6043719 60 0
7847910 60 1
5771176 60 0
7700487 80 0
5595656 60 2
5802116 80 1
4819405 40 0
6124373 60 1
5824795 60 2
2286142 60 1
7014935 60 1
6356550 40 1
7476788 60 2
9683613 80 1
3223070 80 2
5915679 100 0
6242222 60 0
4765878 60 1
4561209 80 0
25330338 80 0
4462433 100 0
4300261 60 3
5913411 60 1
495413 40 0
3692046 80 1
5856769 60 0
4588872 60 1
3672064 40 1
3287271 60 1
6326725 60 1
9366443 80 1
7100048 60 0
6314290 60 1
5068038 60 0
6887626 60 0
5798002 80 1
4182144 60 1
5892803 100 0
4064764 60 1
8215610 80 1
5587694 60 0
4321280 60 2
7059849 60 0
7111703 60 1
4666314 80 1
3325607 60 2
3613059 40 0
5833064 20 0
5928335 20 0
5347479 60 1
4592727 80 0
2783308 80 0
2033168 80 1
2975354 60 0
1383974 80 0
3093428 80 2
2534517 80 2
2206626 80 3
1538940 60 0
1630152 60 0
2659806 60 2
2217385 100 1
2573276 80 1
1524313 80 2
2022211 80 1
2707757 60 0
2342249 60 2
2947451 80 1
10032717 60 0
7636992 80 0
7508765 60 1
3967315 40 1
1921944 60 4
6529009 40 0
519716 40 2
4553219 80 7
315538 20 2
6000924 40 1
6397985 40 1
5432092 60 6
866510 40 0
1456131 40 1
1537966 20 1
5829244 80 8
570492 20 0
5039406 40 1
5362701 60 1
5601046 60 6
5113913 60 5
5035651 60 6
8488625 60 3
5551408 40 1
5270857 80 10
5379727 60 6
3768320 60 1
9134103 60 1
4245554 80 1
5131617 80 1
4972058 60 0
5500441 40 1
9373337 60 2
3863004 40 1
7712101 40 1
5103616 40 0
5420317 40 0
6210583 20 1
5269544 80 1
6083495 60 2
2741104 80 0
3341914 60 1
3391488 40 0
2698780 60 1
2428451 100 2
3852555 60 1
4907380 60 1
984205 40 0
3368106 80 1
5760202 80 0
3887747 60 1
5068377 80 3
4787924 100 2
6245660 80 0
3778061 40 1
739562 20 1
5598589 60 1
7284003 60 1
7762092 60 1
3372673 80 1
6248326 60 1
6649594 80 3
5960999 80 0
6782924 40 2
3121439 40 2
4683946 80 1
9279370 60 2
5219165 60 1
4574255 60 1
4513931 60 1
7414892 80 0
3489840 80 1
4943285 80 1
6323394 80 1
5231785 60 1
4489278 60 1
5154151 80 0
4992312 80 1
6312306 100 2
3461615 80 2
4442146 80 1
4238079 80 1
3590216 80 2
7245068 100 3
7659787 60 1
3543663 80 0
3646770 60 2
4263013 100 2
4025860 100 0
10702347 60 1
6164678 60 1
5218008 60 1
3276501 80 0
3119132 80 1
3156986 60 1
2498989 100 1
2564191 80 1
3268136 100 1
6416416 60 1
3072951 40 0
2708078 80 1
2776202 60 1
4675595 60 1
6416448 100 1
3532859 60 1
3428112 80 1
4342174 80 1
5451454 80 1
4642063 40 1
5468365 60 1
3069184 60 0
6304420 80 0
5634121 80 1
5889488 80 1
6352160 60 1
6874928 60 1
5825836 60 1
8121789 80 2
8843415 40 1
5511548 60 0
8428163 60 1
5858552 80 1
5967900 80 0
6716887 80 0
6591086 60 1
8190124 60 3
6956083 60 1
8493721 100 1
6106202 60 0
5591585 20 0
4410013 80 1
6066672 80 1
5931008 80 1
6387712 40 0
3760128 40 1
4096000 40 1
7694008 40 0
4396204 40 0
8625728 80 1
4914553 40 0
5039462 60 0
3974172 80 0
5239125 80 0
1569131 60 3
1800176 60 0
5218317 60 1
2631142 80 1
5373819 40 0
3278918 100 2
7311130 80 0
4504544 60 0
2012181 80 2
3093196 80 1
6585357 60 1
1897436 60 1
4578517 60 2
16045246 20 0
11415519 40 1
9378827 40 1
5156458 40 0
8534507 40 0
5464703 40 0
4459680 60 1
3295221 40 0
7268352 60 1
6428672 80 1
4057088 40 2
1046528 20 0
5812224 40 1
5660326 80 1
4887016 80 1
4536344 60 0
4896093 40 0
5712558 80 0
4535393 80 0
2461455 60 2
3830592 80 1
6176355 60 1
6334764 80 2
4746729 60 1
4813178 80 1
6260258 60 2
6289210 80 1
5554681 40 0
9139497 40 0
5196055 60 1
5379536 40 0
13974634 60 0
6002928 60 0
6281091 40 0
399575 20 1
694237 20 1
224451 20 1
6634264 40 0
6593621 40 1
4240375 40 0
3832272 20 0
11100056 60 0
5224911 40 2
6715254 40 0
7549287 80 0
1494065 60 1
4728832 40 1
4958208 60 0
4698112 40 1
4255744 40 0
6201344 60 1
11571716 40 0
7686892 60 1
7709046 80 1
3990436 60 1
4992730 60 1
4873376 20 0
3471208 100 2
5696413 100 2
2092597 60 0
1941376 100 0
5564418 80 1
6444120 40 0
10274415 60 1
6107318 80 2
3982950 60 2
2707327 60 2
4899209 60 2
6227279 40 3
5781637 80 0
5017189 80 0
4007086 60 1
5518430 60 2
3961526 80 1
3811328 60 1
5324800 80 2
3868672 60 2
4554752 60 2
1921024 60 1
5292032 60 1
6541312 40 1
4851712 60 1
5186573 80 1
4455018 60 0
6242104 60 0
6028742 80 1
5722597 80 2
4199138 80 3
6120282 80 1
4865466 60 2
5530657 100 1
2460946 100 2
5647883 100 1
6330406 80 3
5469931 80 1
6989114 60 2
5085930 80 1
5155122 80 2
2764803 80 2
5279553 80 1
3057061 60 3
7071351 80 0
3712947 80 1
5333696 80 2
5725325 80 1
5543630 80 1
6312897 40 0
3232956 40 1
4782748 40 1
3917573 60 1
4750566 60 2
2793263 40 0
4952508 80 2
6848470 80 3
6934776 60 1
7446674 60 1
5196185 80 1
4093614 60 1
4337373 40 1
3555575 60 2
4634752 60 1
4048767 80 1
1841529 60 1
4633389 80 2
3662681 80 0
3503956 80 1
2056675 80 1
2439000 60 2
3256008 60 3
2310532 60 2
6417267 40 1
5979566 80 1
6565644 100 1
7288603 80 0
5429317 100 1
4919722 80 0
5744355 60 0
5448130 80 1
5235259 80 1
4827739 80 1
3529981 60 2
4313134 80 1
2451644 60 1
4520756 60 0
318911 40 1
6543586 60 1
4383258 100 1
6640987 60 0
4928277 60 2
8589701 60 1
5067987 60 0
5271733 80 2
8053465 60 0
5503909 60 1
7740516 60 0
7210018 40 0
5983220 60 1
5071237 60 1
3937516 60 0
3353643 60 1
2958443 20 0
6083186 100 2
3720487 60 0
3398938 40 1
5762393 80 0
6836349 80 1
5682045 60 0
6895073 80 1
2782682 80 0
5417377 100 1
5463993 80 1
5177054 100 1
6928197 60 0
4078553 60 1
4857108 40 0
4081904 40 1
7581467 40 1
3791529 60 0
5776099 60 0
2019691 40 0
2552267 40 1
5496065 60 1
4467043 100 0
5020001 60 1
5338589 80 1
6928931 80 2
4261509 80 0
5972425 60 1
4794091 60 0
4423553 60 1
3741132 80 0
5030356 60 1
5193171 80 0
4426179 60 0
4263273 60 1
4421287 60 1
6045700 40 2
4896102 60 0
5252937 60 0
5350103 60 0
3466435 80 0
6432916 60 0
5130023 80 1
4205803 80 0
4608204 100 1
4227750 80 1
5584561 60 1
4490339 60 0
5693323 60 1
3689420 100 0
5051234 60 1
3897253 40 0
3724635 100 1
4395771 60 0
1881235 60 2
4655442 60 0
7269023 60 1
5524878 40 1
5237639 60 0
4008621 60 2
4999404 80 2
6305095 60 0
4583368 60 2
5927521 60 0
5544886 60 1
5896807 60 1
4348265 60 0
4462795 60 1
4151610 80 0
5315617 80 3
4390354 60 1
7110544 60 1
5272774 60 1
7121305 80 0
3258937 60 1
5522159 100 3
5380377 80 0
4474555 80 0
6175217 80 1
5454142 60 0
5633862 80 2
5001707 60 2
5982456 60 0
5680154 60 1
7443933 60 0
5212767 60 0
3936535 60 0
3915635 60 2
5010586 60 2
4307264 80 1
5541902 40 0
4505583 60 0
5838440 60 1
5240866 60 0
5114856 60 0
325710 20 0
149634 40 1
362170 20 0
1310415 80 1
1214909 80 0
396857 20 1
245248 20 2
8726986 80 0
4526005 20 0
4519910 80 1
3233792 80 0
2737967 60 1
4130186 40 1
5363184 40 1
5795840 40 0
3983149 80 1
3456570 60 6
3919676 80 1
4482740 40 0
2984356 80 1
4421161 80 1
968213 20 0
5384989 40 0
5071298 40 0
3627563 60 0
4853226 40 0
4490654 40 0
7297457 40 0
5317369 60 1
643645 40 1
6074502 40 0
3877290 40 1
7909376 80 0
3618642 60 1
2106644 20 0
6272866 40 1
4282011 60 0
3152887 80 0
3717120 80 1
4802965 60 1
4288457 40 1
4156486 60 0
3888782 60 1
3849809 60 2
4608197 80 0
7206023 80 0
6399072 80 1
3312440 80 0
4207694 80 1
1111594 60 1
4507275 40 1
3952022 60 1
4974203 80 0
4988877 80 0
8591159 80 0
5597223 60 1
6813876 40 0
5290524 60 2
5365032 40 2
4504794 60 1
5005312 80 0
4984340 40 0
5235066 40 1
6931563 40 0
5333496 60 1
5091328 40 0
6775904 40 0
2507510 40 0
4729445 80 1
1789906 40 0
4059428 40 2
3839573 60 1
1271424 80 2
2314979 40 1
3210026 40 1
2785486 60 2
976553 60 2
264035 80 1
5515897 60 0
6269633 40 0
4391611 60 0
4972991 20 0
2654248 60 2
5101493 60 1
5456082 40 0
4380654 60 1
4927762 60 1
6270628 60 1
10499138 60 0
13097724 60 0
13852976 80 2
4065849 60 1
5314918 60 2
5956383 80 1
7520810 60 2
4908141 40 1
5453433 80 1
5148560 40 2
6364915 40 1
6874210 40 2
3068427 40 1
1661387 80 0
2588709 60 2
2976742 80 1
4725483 80 0
3695186 80 2
4970496 100 3
3552265 40 0
6315484 100 3
3286860 60 2
5790552 80 1
5534221 100 0
4471477 60 3
5031520 80 2
3529791 100 2
6269745 80 1
4793772 40 1
833334 40 0
5835964 60 0
4523700 40 0
4435968 80 1
2449408 60 0
3821568 80 1
3074117 80 1
4424903 60 0
3842165 80 1
3717719 80 1
2839586 60 0
2538026 60 1
4191190 60 1
4241752 60 2
4771655 80 1
6119341 100 2
297788 20 1
5347328 60 1
3702784 60 1
3465216 60 1
3495936 60 0
4175872 60 1
5023744 40 1
7966720 60 2
3936256 60 1
6402048 60 2
4583424 60 1
5206764 80 4
4007099 40 0
5265255 60 2
5496177 60 0
6521954 60 1
6668136 60 1
7238542 40 1
4659742 60 1
5540792 60 1
3847467 60 2
3404529 60 0
5392459 60 0
5462379 60 1
5634784 60 1
5052887 80 0
4571229 60 0
4245949 60 2
6352467 80 1
5754470 80 0
10326016 60 0
4190208 60 1
3049472 60 2
4354647 60 0
4852748 60 1
29658940 60 0
7032832 60 0
8235008 40 1
6283264 40 1
8355840 60 2
5636096 20 0
7337984 60 1
5080080 40 1
3454635 100 1
2463544 60 0
1860972 60 2
4432057 80 3
4919343 40 0
4974621 60 1
4171261 40 2
4933381 40 0
6495208 40 0
6783706 80 1
2030161 40 1
5524180 60 0
6507342 40 0
8931700 80 0
6579531 40 1
4061137 40 1
5098195 60 3
4954934 60 1
5356625 40 0
5579568 80 0
5726208 60 0
5149459 20 0
4763675 20 0
5803866 20 0
5417061 20 0
2351856 60 1
6156319 40 0
8090031 60 0
4619572 100 2
6965101 60 1
3798824 80 1
6454143 40 3
11059426 60 2
5200157 80 2
6961760 100 4
13203451 40 1
5295649 60 3
454209 60 2
6918478 60 2
3494998 60 1
3550896 60 0
5883904 40 2
4876288 40 2
5431296 40 0
8108032 40 1
5138432 40 0
5896192 40 2
953171 40 0
4253190 40 0
4783986 60 0
4654205 60 0
4408315 80 1
3197911 60 0
1992704 60 1
3363445 60 0
4618130 40 1
4916106 60 2
6502390 60 0
6580640 60 0
4527986 60 1
5024404 60 1
7138412 80 1
4724600 80 2
6602588 100 0
4539551 80 2
7918531 60 0
2072126 80 2
7583744 40 0
4313088 40 0
4685824 40 0
6125554 80 1
6265835 80 0
6692864 40 2
4077568 60 1
2775040 60 0
7873470 80 1
8691884 20 0
3913728 60 1
3174400 60 1
3887862 40 0
7079843 60 0
4556038 40 1
7833250 40 0
3967440 80 3
2809816 40 1
3603818 80 1
3879786 80 1
3694887 60 0
4341760 60 2
5482675 60 0
5150320 40 1
8511235 80 0
9207995 80 1
4485130 80 0
5184062 80 1
7119000 80 1
5606624 60 0
7342409 60 1
4053287 40 0
3605861 40 2
4129128 60 2
4570390 60 1
5897420 60 1
3461749 60 2
3551613 80 1
3439287 60 1
5335593 100 2
4451114 40 1
5138975 20 0
5559690 40 0
6669376 60 2
6172333 40 1
5772743 40 0
4189688 80 2
4564788 60 3
4046836 80 1
4871367 80 3
4492798 80 3
3232031 100 2
4231261 80 4
3274250 60 4
6100585 80 4
5011510 80 4
3969098 80 5
2609171 60 3
2024001 40 1
4824634 80 7
3820155 80 4
4499761 80 3
4212516 100 6
3718913 60 2
4758576 60 1
3503978 100 4
4226314 60 1
4653567 100 4
4912178 60 1
4164347 60 4
4594751 100 6
5430976 60 2
6365016 80 1
3939295 80 0
5088895 100 1
5608612 80 0
3448913 60 1
5828336 40 0
4563072 80 0
8532947 80 0
5987056 80 1
5497738 80 2
8143836 60 1
6618302 80 0
8298958 60 0
6950428 80 0
8040527 60 0
6100546 60 1
5561384 60 0
2381963 60 1
5070181 20 0
4818547 40 0
4680620 40 1
3152352 60 1
4885749 40 0
4171128 40 0
5490466 60 1
5040077 40 0
8773916 40 1
5198272 80 2
14749890 40 1
8131514 60 0
5099520 20 0
5123642 60 1
7054519 60 0
2583426 80 2
3792689 60 0
4509692 40 0
5693786 40 1
5090572 40 0
3821723 60 1
4126720 60 1
1861632 40 1
1722368 40 1
5056264 60 0
2914641 60 1
3266479 80 1
3334188 60 0
2672977 80 1
6467634 80 1
2053613 60 0
2158044 60 2
3758921 80 1
3662893 60 1
3509491 80 1
3812532 100 2
3938652 60 3
4198427 60 1
3766754 80 3
3968329 60 1
3040983 40 1
3758921 60 2
4597768 80 0
4044828 60 0
3111248 60 0
2758069 40 0
3048232 60 1
2656606 60 1
3405305 60 1
2058652 80 4
5729269 80 2
1879136 80 7
500389 60 4
4146253 80 1
9965403 60 2
4539662 60 2
1448848 60 5
3836961 60 1
4568072 60 1
1623030 60 5
2625008 80 6
3875825 80 1
3078150 60 6
2981287 80 4
5114466 80 6
4684334 80 0
4916501 80 1
1077646 40 2
3464200 60 1
4143485 80 1
3132023 60 0
4651627 60 0
5132376 100 2
893017 40 2
3790731 60 0
4511828 80 1
4693414 80 1
4872470 60 0
3936348 100 2
4855012 60 2
2857056 80 1
4492747 60 1
5876193 100 1
3584946 80 0
3833099 100 1
5272775 80 0
3690585 80 0
3190814 100 0
2609348 80 3
3694047 40 0
3355201 60 0
3755704 60 1
2356685 60 2
2663568 60 1
3201898 60 1
2691862 40 1
2893937 60 2
2616723 100 3
2787883 60 1
3233020 60 1
2999902 100 1
3119640 60 0
3279716 80 0
3423692 60 2
3725892 40 1
3396535 60 1
3286297 60 0
3271556 80 0
3206061 40 1
3098215 80 1
3454626 80 1
2686027 100 1
3494022 80 1
3016406 60 2
2927472 60 2
4288045 60 2
7079371 80 2
3339907 100 0
3280535 80 1
3624935 80 1
3437283 60 1
3430791 80 2
4289714 80 2
2552370 60 0
1769543 60 0
4435362 80 0
3410109 80 1
3579711 80 1
6247428 60 0
3529153 40 1
3583684 60 1
2906488 80 2
3902383 60 1
4840287 60 0
3203599 80 0
2930939 40 1
3891932 60 1
3409828 100 1
5635870 60 1
3443773 60 1
2282681 80 1
2650386 80 1
3559441 60 0
3802598 60 2
4237069 60 1
2678280 100 3
5462101 60 2
4567461 60 1
3817538 60 1
4329848 60 2
6159378 100 1
2179365 60 1
1146675 60 1
5026271 60 1
2722372 80 1
3083181 60 1
3134900 60 3
2259690 40 1
3567290 60 0
3270847 60 1
3516500 60 1
2951418 60 1
3770733 60 1
2936474 80 1
4038013 100 1
2661454 80 1
3759640 40 0
3455785 80 2
4349495 40 1
3038667 60 0
3516292 80 1
3543761 80 2
6080522 80 1
5161845 80 2
3630438 60 1
4851373 60 2
5915695 40 0
6828518 60 1
7109393 80 0
3475023 40 2
7154870 20 0
4328380 60 2
6299468 40 1
5891012 60 1
4450214 20 0
4040412 60 2
315252 20 0
5552684 80 1
4926901 80 1
4938183 40 0
6134301 80 2
6315311 60 1
1061745 20 0
3434675 60 2
3823616 80 2
3270044 40 2
3571467 80 1
3862476 80 1
4439149 80 1
3728923 80 1
5609640 40 1
2426044 80 2
3218702 80 1
5190305 60 1
4427319 60 1
4907467 60 1
5180392 60 1
4427960 80 3
4124946 80 1
4651469 60 1
5687691 60 1
4198500 80 1
4248344 100 1
4303833 60 1
4911647 80 0
4995244 80 5
4341858 60 1
4906101 80 3
5435023 80 1
4935883 80 0
5829576 80 1
5434304 80 5
5559475 60 3
5041734 60 3
6375643 80 1
5140258 80 5
3089177 60 2
2860962 60 0
4779402 40 0
3912226 60 0
11255855 40 1
8457802 80 0
6968196 60 1
5176668 80 1
8646295 80 1
3333046 100 0
5766402 100 0
4768328 80 2
4340877 60 0
3986739 60 0
3072951 20 0
4678540 80 1
5927008 80 0
4883684 60 1
5717173 60 1
3534175 80 0
5935454 80 2
5743300 60 0
4082948 60 1
6598954 80 0
6155237 60 1
5625857 60 1
3114371 60 0
4945623 60 0
2970717 80 1
3366341 40 1
8989582 60 1
5708052 40 0
4780811 80 1
4942894 40 0
1427027 60 3
4160059 60 1
3359877 80 1
2977972 60 1
4904452 40 1
4836114 60 1
2987572 100 1
3942903 60 1
4433903 40 2
6900168 40 0
5672524 60 1
4415604 80 1
7563262 40 0
5481637 60 1
4124549 40 0
3630587 40 0
5707433 60 0
2863026 60 0
4411771 60 0
9548390 40 0
4061093 60 0
14094527 60 1
2588896 60 0
7129855 40 0
7014808 20 0
5814539 60 2
4539846 80 2
6789312 60 1
3291441 80 1
5997094 60 1
5898865 80 1
1034361 20 0
1560452 40 0
5376757 80 1
6667922 80 1
12186139 60 0
459776 20 2
7225151 100 2
5298161 40 2
3839368 80 1
3613080 60 2
3265962 60 1
4992337 60 1
4967575 40 2
4638133 40 0
6596153 40 0
3628201 40 0
4958773 40 1
3866012 60 1
3271577 40 1
3056746 40 1
3516303 40 0
3127281 40 1
4370909 40 1
3773648 40 1
2658060 60 1
3372993 60 2
7893589 40 0
7345622 40 1
1789058 20 0
3373874 60 0
2544227 60 1
6093746 60 0
7214332 40 0
4774293 60 1
1421816 20 1
3140673 60 0
3548282 20 0
4153393 60 1
4070730 60 0
4707389 80 0
3934583 60 1
4103748 80 1
2528773 60 1
2653004 60 1
4899552 80 2
5083110 60 0
3985666 60 1
8547283 40 0
5425032 40 1
6412021 20 1
8439640 60 0
11241653 40 0
2967195 40 0
5859478 60 0
1349098 40 1
9498859 60 0
7041164 40 1
4875706 20 0
7255146 40 0
6208262 60 1
4492017 60 1
5109670 40 0
5279464 60 1
6120806 60 1
3921424 60 1
6551103 80 0
5058171 60 2
7311514 60 2
9902737 40 0
157183 20 0
2758979 60 1
2682943 40 0
4778941 40 1
4540912 60 1
5030766 80 0
2607652 60 2
5501490 60 0
13394540 60 0
2892495 60 1
2964745 60 1
228339 40 2
943611 80 1
4274576 60 0
3282126 60 0
3911597 80 2
5638188 80 1
2449577 40 0
2573711 40 1
3685901 40 0
6208702 20 0
1133006 20 1
4706295 60 1
4989010 40 1
5705480 80 5
6394899 80 4
6637319 60 6
5268815 80 7
6116434 60 5
5849044 100 12
6124695 100 9
6252188 100 13
5209264 80 5
6618940 100 10
5697681 20 0
3461876 60 1
2796890 80 2
4958478 60 1
2497001 60 0
4976151 80 2
3509321 40 1
3249753 80 1
3195740 80 0
3438563 60 1
2963250 60 2
2648098 60 2
3564690 80 1
4379513 80 5
3259896 100 2
2429812 60 1
4383575 60 0
3406491 100 2
2207643 80 2
4554749 40 1
3794377 60 1
3192829 80 1
4967171 60 1
2886571 80 1
4584425 60 0
6570671 80 1
5944047 80 0
5519609 60 1
5972153 80 0
5588743 80 1
4704770 80 1
4865466 80 1
6130530 80 1
5801385 80 1
5990619 60 1
5164302 60 2
7492758 80 1
5972218 100 2
5299722 80 4
8386245 100 2
4718033 80 2
4306432 60 0
2501167 40 1
1153684 40 1
5782756 80 2
15041716 40 0
5436274 40 0
4978079 40 1
5642531 60 1
5426189 60 1
5166834 60 1
4765594 80 1
7647844 80 1
4391209 80 2
4210548 80 1
4149949 80 1
3705103 60 3
8132229 60 0
6141490 80 1
6456745 60 0
4581460 40 2
4662680 60 1
4620984 40 0
2955902 60 1
2067483 60 1
2530001 60 2
3780117 40 1
3248217 60 1
3210183 40 1
3679133 60 2
5220706 40 1
3845992 80 1
4908538 60 0
5632977 40 0
4144716 60 1
3183738 100 3
2284772 40 1
4765696 80 2
3952640 80 2
3745792 80 1
4259840 80 2
5689344 40 1
6021637 60 2
4815018 60 0
2586042 80 2
4094729 80 1
4104263 40 0
11089920 60 0
5066752 60 3
5249024 60 1
4870144 60 1
5003264 80 1
3684352 80 1
4792320 80 0
7598080 60 0
10139648 40 1
12152852 80 1
4359860 40 1
3400225 40 0
2958472 80 3
4692107 60 3
6883357 40 2
3186413 80 4
7854496 80 3
5622174 100 6
6526022 80 5
11164662 60 1
7409189 80 1
8650924 100 2
1896096 60 1
8474766 80 1
1864122 20 0
2341014 40 1
273464 60 3
1454926 40 0
2806605 80 1
147347 80 3
121224 60 2
149230 60 2
226030 80 2
113385 100 2
3058637 80 1
483184 80 1
2904298 60 1
3414736 40 0
601042 80 1
3514738 100 3
179219 60 2
2762620 60 0
1069457 40 1
190200 60 1
5100390 40 1
3910446 80 2
3755582 80 3
186338 80 2
94693 80 2
4324875 40 0
4390585 80 2
2694710 60 2
5906213 60 1
2380924 60 1
4056835 80 1
4982510 100 1
5487400 80 2
5740063 80 1
4656922 80 3
2285948 60 1
4413560 60 0
3725581 80 1
4686478 20 0
2134937 60 1
3420601 80 1
1832232 100 1
985554 60 0
2664704 60 2
3023009 100 1
3095429 40 1
562478 60 1
3715985 60 0
2607127 60 3
3594039 80 0
4600806 80 0
2310800 60 0
3924962 80 1
4334780 60 0
4328498 60 0
4097785 60 0
3634590 40 0
2119487 40 1
3058958 60 0
5905994 60 2
4379490 60 1
4003424 80 0
3561439 60 1
4367274 80 1
3298966 60 1
4414619 100 0
1604897 80 0
3320726 80 3
2754399 60 1
2459518 40 0
1587557 80 1
3375692 80 1
3031712 60 0
3067626 40 0
4901247 80 1
3236281 60 0
2020540 60 0
1957747 40 1
2822499 60 0
4410617 80 2
1625970 60 2
3129992 60 1
2967116 60 0
1707054 80 0
4928927 80 2
4444592 60 1
1506056 80 2
1594933 40 0
2590341 60 1
2268193 80 0
2152391 80 1
1784172 60 1
1676436 60 0
2536515 80 1
3003264 60 3
2595741 60 1
2942670 80 1
2461473 40 1
1144799 40 1
2113320 60 2
3382348 80 1
529246 60 0
2346961 60 1
2402013 60 1
1960140 40 0
4162472 60 2
2823664 60 0
2052618 80 3
3519144 60 1
1624733 80 1
1681371 40 0
3552992 100 1
2640919 60 1
2536009 80 1
1854297 60 0
1940395 80 0
3079868 100 0
3464801 80 1
3779851 60 1
3165670 60 2
3676692 80 1
6858019 80 0
2758350 80 3
5527586 40 1
5177607 60 1
4059295 80 1
3913965 60 1
3936644 60 1
6460292 60 1
3878447 80 1
2318897 20 2
1883945 60 0
2213015 60 0
2323966 80 0
3328650 80 0
2049562 80 0
2604757 60 0
4264037 60 0
2872443 60 1
2537974 80 0
6776728 60 1
5602454 100 1
2897843 60 1
3167636 60 1
3896351 60 1
4893817 80 0
5417093 60 0
3897607 60 0
5294425 40 1
5768497 60 1
4963720 60 1
5149292 60 1
3898653 40 0
3807538 60 1
3501043 60 1
4702159 40 1
3168039 40 0
3892157 60 0
3901249 60 0
6063565 100 1
5758348 60 0
5480827 80 1
4867687 60 3
4010152 60 1
2134332 80 2
4951700 80 1
4288712 60 1
2244788 80 2
4184850 80 1
4646594 60 1
2123899 60 2
4555262 80 2
5002479 60 1
5421589 60 1
3213204 80 1
3151867 60 1
4489216 60 1
4829184 80 0
2596864 100 2
4622336 60 1
4700160 60 1
3196928 100 1
2787328 60 2
1771520 80 1
4732928 80 2
4401152 80 3
4612096 60 0
1255424 60 1
4036608 80 1
2793472 80 0
4159488 80 0
4022272 80 1
2617344 80 2
3545088 80 2
5783552 80 1
1132544 60 1
2922496 80 0
4924830 80 0
4492878 60 1
3902885 60 1
4315002 80 0
4935766 80 1
5058123 60 0
2277041 80 1
8169444 60 1
2763771 80 1
4474385 60 2
6594189 80 0
4379072 60 2
4175749 80 0
4347849 80 1
4742511 80 2
6186622 80 1
6501244 80 1
6821505 60 2
4509684 60 1
5414388 100 1
4981805 80 0
5717827 80 1
6930635 80 0
4448256 100 1
1636352 80 1
4421632 100 3
2105344 60 0
1081344 60 2
2867200 100 0
2246656 60 0
3014656 60 0
5988135 60 1
7807915 80 2
6112058 80 3
5567539 40 1
4211373 60 2
5494404 60 1
4181905 60 0
6530845 80 0
3356672 60 0
3733504 40 0
4024320 40 1
4052992 80 1
6900593 60 0
5364073 60 0
3278768 60 2
4320260 60 0
6182380 80 1
5064312 80 1
5480289 60 1
4852835 60 0
3080787 40 0
4257792 80 1
3307520 80 0
3184640 80 0
3773078 60 1
4390405 60 2
4693905 60 0
4816372 80 1
3798643 60 1
2921975 60 2
4585201 60 3
4885497 20 0
8053411 80 1
1139645 80 0
6996918 80 1
2268983 60 0
799949 20 0
3222968 40 1
12315456 80 1
3732663 80 1
7643090 80 1
5233354 80 1
10736086 100 1
4840980 80 1
1512676 40 0
4475990 60 2
7880804 80 2
7030781 80 0
4893982 60 1
5915187 80 0
4847195 80 1
5764406 60 0
1537785 60 0
3957068 60 0
2216655 60 0
5051455 80 0
5663261 80 1
5578933 60 1
5431500 60 1
5086371 60 0
7478877 100 1
5532212 80 0
5753856 40 0
7492766 100 0
5530741 80 0
4916172 20 0
5566640 60 0
8063808 60 0
4245130 60 0
4725881 100 1
4995577 40 0
5447582 60 1
4712712 60 1
5820205 80 2
5528254 80 1
4898066 60 1
3949828 60 1
5803891 60 0
5166398 60 0
6537179 40 1
4507365 20 0
7134039 80 1
4607679 60 1
1272792 20 1
4265265 60 0
15554462 40 0
3929570 60 1
6897516 20 0
4773024 40 0
10001997 20 0
9432640 20 1
9114971 60 1
5154063 60 2
5460330 40 0
4007287 80 3
919933 40 1
3280562 80 3
7352858 20 0
5194829 60 1
5406947 80 0
4255955 60 0
4887300 60 0
7291524 40 0
6120616 60 0
5085869 60 1
8387309 60 1
5467750 60 1
4645653 60 1
6089391 60 1
6586732 60 1
6698323 60 0
6702395 40 0
11997525 80 0
5533882 60 1
5899292 40 0
5864822 80 0
5193266 40 0
9926862 40 0
3178965 60 1
5805759 60 1
6599271 80 1
5885283 80 1
5765212 80 1
4047299 80 2
6941346 60 0
4700147 60 1
7059426 60 2
6675543 60 2
7074685 60 2
8461371 60 2
6669367 80 1
4567350 80 1
4224940 80 1
6606252 100 1
4203931 80 2
3909997 60 1
3941350 80 1
6581916 80 2
3492055 80 2
2799475 80 1
3979646 40 0
5631003 40 0
4158114 40 1
3994145 60 1
3909669 40 1
4157564 60 1
3591756 60 1
4501741 60 0
3748270 80 1
3880653 80 2
3262180 80 1
4066230 60 2
6575235 80 1
4627862 80 1
6334498 40 0
7515855 60 1
5609862 40 1
3653696 60 2
5908894 80 1
7154840 100 3
4839758 80 1
5855399 80 1
9860695 80 1
7172070 80 2
3808137 60 1
5815893 80 1
5471091 60 0
6354657 60 0
5146655 100 2
4643223 60 0
5095145 60 1
3833208 80 1
4633423 80 1
5971164 60 1
5710989 60 0
9849145 80 0
3885652 100 1
3830371 80 0
3881053 60 2
4397962 80 0
4889796 80 1
4656066 100 0
11045618 40 0
5303375 20 0
3214687 80 1
4783564 40 0
5394499 60 1
6902090 60 2
6066344 80 1
3310905 60 2
2939217 60 1
9287651 40 0
4518685 80 1
7293067 40 1
7479508 40 0
5168612 40 0
13145790 40 0
3946496 60 1
4067576 60 2
8008164 40 0
5899871 100 2
1697269 40 0
7361342 60 1
6400641 100 1
1752841 60 1
4931084 60 1
5136100 40 0
6331661 60 2
7652839 80 1
4589568 40 1
3006433 80 1
3495289 60 1
2605748 80 0
1933312 60 1
6030977 100 1
2869248 40 1
2889728 60 1
4978024 20 0
5999299 80 1
3031040 60 1
3061760 40 0
3170304 80 2
5367369 20 0
3765751 80 1
2751396 80 1
3934208 80 3
3997696 40 1
6326272 60 2
4902912 40 1
6567936 40 0
6017024 60 2
5001630 80 0
5282786 80 1
6654423 60 0
3816685 40 1
6421932 80 2
2329919 60 1
4966412 80 3
3309520 80 1
6660717 80 1
570213 40 1
2833878 80 1
314516 40 1
6682126 80 0
7413239 60 1
2726563 20 0
2650504 40 0
3868968 60 1
2972973 80 1
8684127 40 0
5314977 40 0
6713958 40 2
4144962 60 1
3792103 40 1
4974092 60 2
3984884 40 1
4707744 40 0
7984587 60 2
7720741 60 1
6654950 40 1
3836968 60 1
3482637 40 0
4129845 60 1
5376027 60 0
6173086 40 0
5710992 40 1
5021373 80 0
5745174 40 0
7574478 60 0
5291591 60 1
5836078 20 0
6452375 40 1
4749379 40 0
9005469 80 1
5482055 40 1
5079235 20 0
5553403 40 1
1972856 100 1
4875898 20 0
5187165 40 0
5829469 40 0
5043432 40 1
5584134 40 0
6051407 60 2
2348387 60 2
5740862 100 5
3654092 80 3
5322899 100 2
4776736 80 1
3558899 40 0
3798395 60 1
4972861 80 0
5462396 80 2
3800380 60 0
2694354 80 2
4931003 80 1
3373549 60 1
4314476 80 1
5020415 60 1
4362446 80 1
3866428 80 0
10227039 80 1
5546001 100 5
3944800 60 2
5508406 80 1
6443473 80 1
4941619 60 1
3191477 80 0
2560081 40 0
348160 60 1
3195720 80 0
2073832 40 0
13703168 20 0
4126720 40 0
6569984 80 1
1480704 40 1
1581752 40 1
5362081 60 2
4700552 60 0
6388798 60 2
5473570 60 1
10903487 60 1
10853749 60 0
5476506 80 1
6666233 100 1
5888128 80 1
4066832 80 1
5045489 40 1
3795551 20 0
3330844 20 0
3129404 20 0
2086898 80 1
6710351 60 0
3737936 20 0
3801088 40 1
9118852 20 0
5955208 80 2
7895368 100 1
4035835 80 1
5487397 40 0
3746589 60 0
5912791 40 0
5575469 60 1
6854238 60 0
6521970 60 1
6110269 40 0
2693733 20 1
4133607 40 0
7374356 60 1
5769846 40 1
4332767 20 1
4384588 60 0
8853101 20 0
2625886 80 0
5417299 80 1
5695334 40 1
